# ninja log v7
0	1060	7957239683342124	0	7e4159259c9a9b66
38	1074	7957239683659928	3	7e4159259c9a9b66
31	1080	7957239683659928	1	7e4159259c9a9b66
34	1085	7957239683659928	2	7e4159259c9a9b66
42	1090	7957239683788660	4	7e4159259c9a9b66
56	1095	7957239683900849	7	7e4159259c9a9b66
48	1098	7957239683848601	5	7e4159259c9a9b66
52	1102	7957239683900849	6	7e4159259c9a9b66
63	1106	7957239684002529	8	7e4159259c9a9b66
71	1111	7957239684091117	9	7e4159259c9a9b66
1061	2116	7957239693964667	10	7e4159259c9a9b66
1098	2131	7957239694322554	15	7e4159259c9a9b66
1090	2134	7957239694283940	14	7e4159259c9a9b66
1095	2138	7957239694322554	17	7e4159259c9a9b66
1085	2148	7957239694178994	12	7e4159259c9a9b66
1080	2152	7957239694178994	11	7e4159259c9a9b66
1074	2158	7957239694125404	13	7e4159259c9a9b66
1102	2162	7957239694396342	16	7e4159259c9a9b66
1111	2165	7957239694491680	19	7e4159259c9a9b66
1106	2170	7957239694436503	18	7e4159259c9a9b66
2131	3168	7957239704691194	25	7e4159259c9a9b66
2116	3168	7957239704532796	20	7e4159259c9a9b66
2134	3169	7957239704715268	24	7e4159259c9a9b66
2143	3183	7957239704807619	27	7e4159259c9a9b66
2148	3183	7957239704863210	22	7e4159259c9a9b66
2170	3200	7957239705076398	28	7e4159259c9a9b66
2158	3200	7957239704956192	23	7e4159259c9a9b66
2152	3201	7957239704883299	21	7e4159259c9a9b66
2162	3201	7957239704987597	26	7e4159259c9a9b66
2165	3201	7957239705034360	29	7e4159259c9a9b66
